    0.0732    1.0073    1.0000
    0.7300    1.9327    1.0000
    0.3464    1.6093    1.0000
    0.6522    1.8918    1.0000
    0.4818    1.4208    1.0000
    0.3826    1.4002    1.0000
    0.3269    1.5539    1.0000
    0.1030    1.5963    1.0000
    0.3704    1.5063    1.0000
    0.3774    1.5872    1.0000
    0.4818    1.1328    1.0000
    0.7956    1.7616    1.0000
    0.6914    1.6511    1.0000
    0.8498    1.3511    1.0000
    0.5123    1.3126    1.0000
    0.8550    1.2743    1.0000
    0.4654    1.1495    1.0000
    0.2648    1.3343    1.0000
    0.6295    1.8330    1.0000
    0.5627    1.2336    1.0000
    0.5412    1.0692    1.0000
    0.3933    1.4947    1.0000
    0.4205    1.1222    1.0000
    0.1371    1.4026    1.0000
    0.2922    1.0912    1.0000
    1.7205    0.3328         0
    1.3423    0.0773         0
    1.5663    0.4583         0
    1.6545    0.6572         0
    1.6525    0.5720         0
    1.7009    0.4021         0
    1.3011    0.9347         0
    1.0855    0.3605         0
    1.6334    0.9477         0
    1.2664    0.0301         0
    1.8943    0.4411         0
    1.3003    0.7007         0
    1.7151    0.7030         0
    1.3304    0.5102         0
    1.3649    0.6122         0
    1.5923    0.7464         0
    1.9052    0.8014         0
    1.2645    0.3367         0
    1.9498    0.5641         0
    1.7387    0.8553         0
    1.0045    0.5892         0
    1.8507    0.5082         0
    1.6956    0.8534         0
    1.5624    0.6838         0
    1.3377    0.1063         0